0	
0.001	
0.005	
0.021	
0.029	
0.033	
0.035	
0.043	
0.0440182337762223	
0.0443897126854171	
0.0446755121983948	
0.0448972839024972	
0.0452510381482395	
0.0455438972833348	
0.0467153338237159	
0.0514010799852405	
0.0701440646313386	
0.145116003215731	
0.145446152601731	
0.145724093311421	
0.146835856150181	
0.151282907505222	
0.169071112925384	
0.240223934606032	
0.252723934606032	
0.258973934606032	
0.262098934606032	
0.263661434606032	
0.264540504967395	
0.265186226896436	
0.265363089784421	
0.265629013259869	
0.265777766063159	
0.265897820235886	
0.266378036926794	
0.268298903690428	
0.275982370744962	
0.306716238963099	
0.319216238963099	
0.319997488963099	
0.323122488963099	
0.323317801463099	
0.324099051463099	
0.324147879588099	
0.324343192088099	
0.324360034936045	
0.324376299586143	
0.324389133907981	
0.324440471195333	
0.324645820344741	
0.325467216942376	
0.328752803332912	
0.341895148895059	
0.394464531143646	
0.494464531143646	
0.496027031143646	
0.502277031143646	
0.505402031143646	
0.506964531143646	
0.507745781143646	
0.508231180331359	
0.508290662994602	
0.508385720604936	
0.5084644273299	
0.508779254229756	
0.510038561829177	
0.515075792226861	
0.5352247138176	
0.615820400180553	
0.617382900180553	
0.618164150180553	
0.618583119754622	
0.618864376211683	
0.619091319842918	
0.619306128975501	
0.619377674450483	
0.619431687241022	
0.619473299311865	
0.619539445141536	
0.619594228593062	
0.619813362399168	
0.620689897623591	
0.624196038521283	
0.638220602112053	
0.69431885647513	
0.79431885647513	
0.79588135647513	
0.80213135647513	
0.80525635647513	
0.80681885647513	
0.806931468570729	
0.807381916953124	
0.80745935960354	
0.807495629838153	
0.807535020589642	
0.807577993685388	
0.807612437812992	
0.80775021432341	
0.80830132036508	
0.810505744531762	
0.819323441198487	
0.85459422786539	
0.95459422786539	
0.954789540365391	
0.954891334017325	
0.955298508625064	
0.95534751692998	
0.955410863031772	
0.955432771164802	
0.955464717832914	
0.955490987258767	
0.955596064962177	
0.95601637577582	
0.95769761903039	
0.964422592048671	
0.991322484121793	
1.09132248412179	
1.19132248412179	
1.19288498412179	
1.19366623412179	
1.19405685912179	
1.19561935912179	
1.19640060912179	
1.19641451869075	
1.19643296952468	
1.19644296952468	
1.1964595026844	
1.19647007927087	
1.19651238561674	
1.19668161100022	
1.19735851253414	
1.20006611866984	
1.20141992173769	
1.20209682327162	
1.20243527403858	
1.20248041737879	
1.2025394672835	
1.20257623528154	
1.20260342585174	
1.20262630003667	
1.20271779677638	
1.20308378373525	
1.2045477315707	
1.21040352291252	
1.23382668827981	
1.32751934974894	
1.32771466224895	
1.32849591224894	
1.32857401141495	
1.32859117916255	
1.32860558932699	
1.32866322998479	
1.32889379261595	
1.32981604314062	
1.3335050452393	
1.34826105363401	
1.40728508721287	
1.40884758721287	
1.40885758721287	
1.40887313501386	
1.40888313501386	
1.40892313501386	
1.40908313501386	
1.40972313501386	
1.41228313501386	
1.42252313501386	
1.46348313501386	
1.56348313501386	
1.56504563501386	
1.5650634784559	
1.56507879618584	
1.56509311554745	
1.56510311554745	
1.56514311554745	
1.56530311554745	
1.56594311554745	
1.56850311554745	
1.57874311554745	
1.61970311554745	
1.61989842804745	
1.61999608429745	
1.62004491242245	
1.62024022492245	
1.62033788117245	
1.62035765618217	
1.6203686761949	
1.62041275624579	
1.62058907644939	
1.62129435726375	
1.62411548052123	
1.63539997355113	
1.68053794567075	
1.78053794567075	
1.88053794567075	
1.88073325817075	
1.88151450817075	
1.88156333629575	
1.88175864879575	
1.881770855827	
1.881780855827	
1.881790855827	
1.881800855827	
1.881840855827	
1.882000855827	
1.882640855827	
1.885200855827	
1.895440855827	
1.936400855827	
1.936596168327	
1.936693824577	
1.936742652702	
1.936937965202	
1.93695274191789	
1.93696376685031	
1.93700786657997	
1.9370181094294	
1.9370281094294	
1.9370681094294	
1.9372281094294	
1.9378681094294	
1.9404281094294	
1.9506681094294	
1.9916281094294	
2.0916281094294	
2.0918234219294	
2.09183947608863	
2.09184947608863	
2.09188947608863	
2.09204947608863	
2.09268947608863	
2.09524947608863	
2.10548947608863	
2.10556947608863	
2.10560947608863	
2.10562947608863	
2.10563947608863	
2.10567947608863	
2.10583947608863	
2.10647947608863	
2.10903947608863	
2.11927947608863	
2.16023947608863	
2.26023947608863	
2.26043478858863	
2.26053244483863	
2.26054244483863	
2.26055244483863	
2.26056244483863	
2.26060244483863	
2.26076244483863	
2.26140244483863	
2.26396244483863	
2.27420244483863	
2.31516244483863	
2.31518685890113	
2.31528451515113	
2.31529451515113	
2.31530451515113	
2.31531451515113	
2.31532451515113	
2.31533451515113	
2.31537451515113	
2.31553451515113	
2.31617451515113	
2.31873451515113	
2.32897451515113	
2.36993451515113	
2.46993451515113	
2.46995892921363	
2.46997113624488	
2.46998113624488	
2.46999113624488	
2.47003113624488	
2.47019113624488	
2.47083113624488	
2.47339113624488	
2.48363113624488	
2.52459113624488	
